REGISTRO DE CONTROL DE INVENTARIOS
Empresa,"Paredes & Paredes, S.A. de C.V"
NIT,06143005061013
NRC,1726313
Período,Del 2025-10-01 al 2025-10-25
Artículo,MOUSE-LOG-001 - Logitech MX Master 3

Correlativo,Fecha,Tipo Doc,No. Documento,Proveedor,Nacionalidad,Fuente/Referencia,Unidades Entrada,Unidades Salida,Saldo Unidades,Costo Entrada,Costo Salida,Saldo Costo
424,2025-10-24 23:33:06,01,DTE-01-S455P290-000001759989601,Suministros Industriales SV,Nacional,Compra automática de prueba - 2025-10-09,75.00,,75.00,4665.00,,4665.00
425,2025-10-24 23:33:06,03,DTE-03-M591P813-000001760335202,Distribuidora Nacional S.A. de C.V.,Nacional,Compra automática de prueba - 2025-10-13,85.00,,160.00,4673.30,,9338.30
426,2025-10-24 23:33:06,01,DTE-01-S652P666-000001759989603,Proveedor Mayorista San Salvador,Nacional,Compra automática de prueba - 2025-10-09,85.00,,245.00,6533.10,,15871.40
427,2025-10-24 23:33:06,01,DTE-01-M151P107-000001760248804,Suministros Industriales SV,Nacional,Compra automática de prueba - 2025-10-12,49.00,,294.00,3846.50,,19717.90
428,2025-10-24 23:33:06,01,DTE-01-B010P367-000001760335205,Importadora Tech Central America,Nacional,Compra automática de prueba - 2025-10-13,81.00,,375.00,5889.51,,25607.41
429,2025-10-24 23:33:06,01,DTE-01-M997P732-000001761372006,Importadora Tech Central America,Nacional,Compra automática de prueba - 2025-10-25,76.00,,451.00,4248.40,,29855.81
430,2025-10-24 23:33:06,03,DTE-03-M972P207-000001759903207,Distribuidora Nacional S.A. de C.V.,Nacional,Compra automática de prueba - 2025-10-08,12.00,,463.00,947.28,,30803.09
431,2025-10-24 23:33:06,03,DTE-03-S166P406-000001760853608,Proveedor Mayorista San Salvador,Nacional,Compra automática de prueba - 2025-10-19,29.00,,492.00,1598.48,,32401.57
432,2025-10-24 23:33:06,03,DTE-03-B059P439-000001759816809,Comercial El Salvador Import Export,Nacional,Compra automática de prueba - 2025-10-07,31.00,,523.00,2212.16,,34613.73
