REGISTRO DE CONTROL DE INVENTARIOS
Empresa,"Paredes & Paredes, S.A. de C.V"
NIT,06143005061013
NRC,1726313
Período,Del 2025-10-01 al 2025-10-27
Artículo,MOUSE-LOG-001 - Logitech MX Master 3

Correlativo,Fecha,Tipo Doc,No. Documento,Proveedor,Nacionalidad,Fuente/Referencia,Unidades Entrada,Unidades Salida,Saldo Unidades,Costo Entrada,Costo Salida,Saldo Costo
6,2025-10-26 20:19:55,03,DTE-03-P261P529-000001761026401,Suministros Industriales SV,Nacional,Compra automática de prueba - 2025-10-21,15.00,,15.00,854.55,,854.55
7,2025-10-26 20:19:55,03,DTE-03-S706P447-000001759989602,Comercial El Salvador Import Export,Nacional,Compra automática de prueba - 2025-10-09,78.00,,93.00,5476.38,,6330.93
8,2025-10-26 20:19:55,03,DTE-03-S527P842-000001760594403,Importadora Tech Central America,Nacional,Compra automática de prueba - 2025-10-16,54.00,,147.00,4181.22,,10512.15
9,2025-10-26 20:19:55,03,DTE-03-B438P712-000001759903204,Distribuciones del Pacífico,Nacional,Compra automática de prueba - 2025-10-08,5.00,,152.00,253.45,,10765.60
10,2025-10-26 20:19:55,01,DTE-01-P679P569-000001760940005,Importadora Tech Central America,Nacional,Compra automática de prueba - 2025-10-20,36.00,,188.00,2688.48,,13454.08
11,2025-10-26 20:19:55,03,DTE-03-P176P478-000001759989606,Global Trade El Salvador S.A.,Nacional,Compra automática de prueba - 2025-10-09,35.00,,223.00,2253.65,,15707.73
12,2025-10-26 20:19:55,01,DTE-01-M907P272-000001761026407,Comercial El Salvador Import Export,Nacional,Compra automática de prueba - 2025-10-21,22.00,,245.00,1352.12,,17059.85
13,2025-10-26 20:19:55,03,DTE-03-M169P471-000001759816808,Suministros Industriales SV,Nacional,Compra automática de prueba - 2025-10-07,72.00,,317.00,4730.40,,21790.25
14,2025-10-26 20:19:55,03,DTE-03-P263P703-000001760421609,Global Trade El Salvador S.A.,Nacional,Compra automática de prueba - 2025-10-14,47.00,,364.00,2411.57,,24201.82
