REGISTRO DE CONTROL DE INVENTARIOS
Empresa,"Paredes & Paredes, S.A. de C.V"
NIT,06143005061013
NRC,1726313
Período,Del 2025-10-01 al 2025-10-25
Artículo,PROD-20251021-0048 - Dell Latitude 5520 Laptop

Correlativo,Fecha,Tipo Doc,No. Documento,Proveedor,Nacionalidad,Fuente/Referencia,Unidades Entrada,Unidades Salida,Saldo Unidades,Costo Entrada,Costo Salida,Saldo Costo
407,2025-10-24 23:33:06,03,DTE-03-S737P874-000001759471201,Proveedor Mayorista San Salvador,Nacional,Compra automática de prueba - 2025-10-03,32.00,,32.00,25614.08,,25614.08
408,2025-10-24 23:33:06,03,DTE-03-B043P729-000001759989602,Comercial El Salvador Import Export,Nacional,Compra automática de prueba - 2025-10-09,5.00,,37.00,4088.95,,29703.03
409,2025-10-24 23:33:06,03,DTE-03-S562P168-000001759730403,Comercial El Salvador Import Export,Nacional,Compra automática de prueba - 2025-10-06,85.00,,122.00,58225.00,,87928.03
410,2025-10-24 23:33:06,01,DTE-01-B286P293-000001759384804,Importadora Tech Central America,Nacional,Compra automática de prueba - 2025-10-02,33.00,,155.00,24860.22,,112788.25
411,2025-10-24 23:33:06,03,DTE-03-B792P733-000001761285605,Distribuidora Nacional S.A. de C.V.,Nacional,Compra automática de prueba - 2025-10-24,13.00,,168.00,12173.20,,124961.45
412,2025-10-24 23:33:06,03,DTE-03-P167P421-000001760421606,Distribuidora Nacional S.A. de C.V.,Nacional,Compra automática de prueba - 2025-10-14,69.00,,237.00,42705.48,,167666.93
413,2025-10-24 23:33:06,01,DTE-01-B726P411-000001760421607,Distribuciones del Pacífico,Nacional,Compra automática de prueba - 2025-10-14,88.00,,325.00,66844.80,,234511.73
460,2025-10-24 23:33:07,03,DTE-03-M001P001-000000000010011,Distribuidora Tech El Salvador S.A. de C.V.,Nacional,Compra de prueba con CCF,50.00,,375.00,21250.00,,255761.73
461,2025-10-24 23:33:07,01,DTE-01-B002P003-000000000000045,Tienda Local de Computadoras,Nacional,Compra menor con factura,25.00,,400.00,10000.00,,265761.73
