REGISTRO DE CONTROL DE INVENTARIOS
Empresa,"Paredes & Paredes, S.A. de C.V"
NIT,06143005061013
NRC,1726313
Período,Del 2025-10-01 al 2025-10-31
Artículo,LAPTOP-DELL-001 - Laptop Dell Latitude 5520

Correlativo,Fecha,Tipo Doc,No. Documento,Proveedor,Nacionalidad,Fuente/Referencia,Unidades Entrada,Unidades Salida,Saldo Unidades,Costo Entrada,Costo Salida,Saldo Costo
76,2025-10-24 22:23:46,03,DTE-03-P363P867-000001760162401,Suministros Industriales SV,Nacional,Compra automática de prueba - 2025-10-11,89.00,,89.00,74342.59,,74342.59
77,2025-10-24 22:23:46,03,DTE-03-M834P245-000001759384802,Importadora Tech Central America,Nacional,Compra automática de prueba - 2025-10-02,7.00,,96.00,6192.90,,80535.49
78,2025-10-24 22:23:46,03,DTE-03-M618P292-000001759384803,Comercial El Salvador Import Export,Nacional,Compra automática de prueba - 2025-10-02,76.00,,172.00,52004.52,,132540.01
79,2025-10-24 22:23:46,03,DTE-03-B740P521-000001761631204,Suministros Industriales SV,Nacional,Compra automática de prueba - 2025-10-28,60.00,,232.00,39808.80,,172348.81
80,2025-10-24 22:23:46,03,DTE-03-B840P642-000001761717605,Global Trade El Salvador S.A.,Nacional,Compra automática de prueba - 2025-10-29,30.00,,262.00,21270.90,,193619.71
81,2025-10-24 22:23:46,03,DTE-03-B048P384-000001760940006,Comercial El Salvador Import Export,Nacional,Compra automática de prueba - 2025-10-20,77.00,,339.00,47778.50,,241398.21
82,2025-10-24 22:23:46,03,DTE-03-S984P523-000001759730407,Distribuciones del Pacífico,Nacional,Compra automática de prueba - 2025-10-06,94.00,,433.00,71580.06,,312978.27
83,2025-10-24 22:23:46,03,DTE-03-P494P779-000001761026408,Suministros Industriales SV,Nacional,Compra automática de prueba - 2025-10-21,97.00,,530.00,80343.16,,393321.43
84,2025-10-24 22:23:46,03,DTE-03-B615P722-000001761804009,Comercial El Salvador Import Export,Nacional,Compra automática de prueba - 2025-10-30,38.00,,568.00,33595.04,,426916.47
