REGISTRO DE CONTROL DE INVENTARIOS
Empresa,"Paredes & Paredes, S.A. de C.V"
NIT,06143005061013
NRC,1726313
Período,Del 2025-10-01 al 2025-10-27
Artículo,LIBRO-MAT-SEC - Matemáticas Secundaria - Libro de Texto

Correlativo,Fecha,Tipo Doc,No. Documento,Proveedor,Nacionalidad,Fuente/Referencia,Unidades Entrada,Unidades Salida,Saldo Unidades,Costo Entrada,Costo Salida,Saldo Costo
561,2025-10-26 13:28:18,03,DTE-03-S456P384-000001760508001,Distribuidora Nacional S.A. de C.V.,Nacional,Compra automática de prueba - 2025-10-15,6.00,,6.00,91.02,,91.02
562,2025-10-26 13:28:18,03,DTE-03-P334P626-000001760335202,Proveedor Mayorista San Salvador,Nacional,Compra automática de prueba - 2025-10-13,27.00,,33.00,372.60,,463.62
563,2025-10-26 13:28:18,01,DTE-01-B302P386-000001759903203,Distribuciones del Pacífico,Nacional,Compra automática de prueba - 2025-10-08,94.00,,127.00,1821.72,,2285.34
564,2025-10-26 13:28:18,03,DTE-03-M785P792-000001761372004,Global Trade El Salvador S.A.,Nacional,Compra automática de prueba - 2025-10-25,33.00,,160.00,645.48,,2930.82
565,2025-10-26 13:28:18,03,DTE-03-M065P375-000001759298405,Comercial El Salvador Import Export,Nacional,Compra automática de prueba - 2025-10-01,52.00,,212.00,975.00,,3905.82
566,2025-10-26 13:28:18,03,DTE-03-B558P542-000001759989606,Global Trade El Salvador S.A.,Nacional,Compra automática de prueba - 2025-10-09,37.00,,249.00,631.96,,4537.78
567,2025-10-26 13:28:18,03,DTE-03-B569P920-000001761199207,Distribuidora Nacional S.A. de C.V.,Nacional,Compra automática de prueba - 2025-10-23,78.00,,327.00,1098.24,,5636.02
568,2025-10-26 13:28:18,01,DTE-01-S974P048-000001761544808,Suministros Industriales SV,Nacional,Compra automática de prueba - 2025-10-27,77.00,,404.00,1170.40,,6806.42
569,2025-10-26 13:28:18,03,DTE-03-S238P258-000001761458409,Global Trade El Salvador S.A.,Nacional,Compra automática de prueba - 2025-10-26,31.00,,435.00,527.62,,7334.04
